 ID_NUMBER  L1(/20)  L2(/20)  L3(/20)  L4(/20)  L5(/20)  L6(/20)  L7(/20)  L8(/20)  L9(/20) L10(/20)  Assignment(/10) Other(/15) Exam(/100)
  21245684       17       17       10       20       19       15       14       10       13       20                5          6         60
  21245685       20       19       12       13       17       18       15       13       18       19                6          8         65
  21245686       16       13       11       17       12       18       12       10       19       16                7         10         92
  21245687       13       13       17       13       20       13       12       16       13       19                5          1         40
  21245688       20       16       10       11       19       16       17       14       10       12                1          0         68
  21245689       10       16       19       20       18       11       19       19       18       17                2          8         85
  21245690       15       13       15       20       16       15       13       20       16       17                9          7         82
  21245691       18       11       10       14       17       13       11       11       11       18                0          3         70
  21245692       19       15       10       17       16       11       11       16       10       19                4         11         65
  21245693       19       16       15       17       18       12       13       11       20       20                0         14         26
  21245694       19       10       19       14       16       12       17       12       10       14                5          6         59
  21245695       12       17       16       18       15       15       10       11       12       15                6          0         51
  21245696       17       10       14       11       15       11       17       10       14       16                6          4         49
  21245697       15       12       20       19       15       17       11       19       14       19                3          9         80
  21245698       13       20       11       10       19       12       18       13       15       18                7          5         42
  21245699       20       17       10       11       15       13       11       11       15       17                8         13         76
  21245700       18       20       17       19       15       18       11       18       13       18                7         15         75
  21245701       19       11       14       17       20       13       11       17       19       19                0          4         44
  21245702       14       17       11       16       14       15       19       11       10       19                5          6         95
  21245703       18       17       15       14       16       11       11       19       14       15                7          3         60
